Data: Owner= user2@gmail.com | Tenant= j@gmail.com
Timestamp: 2020-06-13 22:41:41.197520
Data: 60950140
Timestamp: 2020-06-13 22:41:53.956003
Data: 77743914
Timestamp: 2020-06-14 21:14:41.496717
