Data: Owner= user2@gmail.com | Tenant= jag@gmail.com
Timestamp: 2020-06-16 09:07:27.877595
Data: 59520630
Timestamp: 2020-06-16 09:07:41.237699
